   0.000000      -11.96363     -9.5367432E-07   0.000000       0.000000       2.568221       2.568222       2.568222       3.374771       7.748498       7.748498       7.958278       11.26092       11.26092       11.26092       15.40519       23.18908    
  2.4382992E-02  -11.95848     -3.6522388E-02 -2.3818016E-02 -2.3818016E-02   2.554455       2.596004       2.596005       3.409655       7.698756       7.749426       7.981460       11.26731       11.26731       11.29028       15.44325       23.14189    
  4.8765983E-02  -11.94286     -0.1393933     -8.8698387E-02 -8.8696957E-02   2.516166       2.680099       2.680100       3.509682       7.575428       7.766657       8.050612       11.29448       11.29448       11.37635       15.55682       22.84418    
  7.3148981E-02  -11.91686     -0.2989774     -0.1884913     -0.1884913       2.453835       2.811584       2.811584       3.661354       7.387993       7.792272       8.163389       11.33956       11.33956       11.50344       15.74338       22.50755    
  9.7531974E-02  -11.88044     -0.5011172     -0.3136554     -0.3136544       2.372359       2.981500       2.981500       3.847105       7.165502       7.832553       8.316574       11.40290       11.40290       11.65699       15.99925       22.11045    
  0.1219150      -11.83364     -0.7348690     -0.4561133     -0.4561133       2.274545       3.181334       3.181334       4.046667       6.930692       7.884359       8.506312       11.48417       11.48417       11.82478       16.31860       21.67759    
  0.1462980      -11.77654     -0.9912310     -0.6092134     -0.6092134       2.164187       3.404310       3.404310       4.235429       6.712288       7.947688       8.728587       11.58320       11.58320       11.99983       16.69434       21.22428    
  0.1706810      -11.70906      -1.263597     -0.7675123     -0.7675123       2.045111       3.646004       3.646004       4.380632       6.546466       8.022531       8.979681       11.70232       11.70232       12.17922       17.11898       20.76709    
  0.1950639      -11.63140      -1.547486     -0.9283261     -0.9283261       1.920176       3.901207       3.901207       4.442622       6.474783       8.108880       9.255500       11.83597       11.83597       12.36219       17.58329       20.29832    
  0.2194469      -11.54354      -1.839588      -1.088472      -1.088472       1.792450       4.167783       4.167783       4.395536       6.525142       8.206726       9.552863       11.98611       11.98611       12.54988       18.07938       19.83042    
  0.2438299      -11.44548      -2.137463      -1.245734      -1.245733       1.664398       4.249888       4.444341       4.444342       6.688989       8.316064       9.868793       12.15469       12.15469       12.74396       18.60032       19.37232    
  0.2682129      -11.33743      -2.439767      -1.399228      -1.399227       1.538032       4.039145       4.727849       4.727849       6.932518       8.436873       10.20010       12.33471       12.33471       12.94604       18.91684       19.02430    
  0.2925960      -11.21940      -2.745137      -1.547557      -1.547557       1.415108       3.793580       5.017776       5.017776       7.226642       8.569146       10.54406       12.52686       12.52686       13.15796       18.47250       18.47379    
  0.3169789      -11.09146      -3.052652      -1.689869      -1.689869       1.297087       3.532803       5.313161       5.313162       7.552031       8.712867       10.89775       12.72790       12.72790       13.38130       18.04441       18.04444    
  0.3413619      -10.95371      -3.361596      -1.825500      -1.825500       1.185190       3.268453       5.613254       5.613254       7.897064       8.868019       11.25801       12.93282       12.93282       13.61748       17.63808       17.63808    
  0.3657449      -10.80627      -3.671352      -1.953928      -1.953928       1.080447       3.007495       5.917454       5.917455       8.254551       9.034585       11.62122       13.13360       13.13360       13.86774       17.26203       17.26205    
  0.3901280      -10.64923      -3.981375      -2.074721      -2.074720      0.9838920       2.755061       6.226420       6.226421       8.621222       9.213264       11.98321       13.31766       13.31766       14.13946       16.92952       16.92953    
  0.4145108      -10.48280      -4.291166      -2.187554      -2.187554      0.8959837       2.512221       6.537596       6.537596       8.990662       9.402580       12.33829       13.46483       13.46483       14.42088       16.66021       16.66021    
  0.4388939      -10.30702      -4.600378      -2.292177      -2.292176      0.8175030       2.280073       6.851301       6.851301       9.363327       9.603231       12.67972       13.54933       13.54933       14.71520       16.47977       16.47978    
  0.4632769      -10.12214      -4.908343      -2.388277      -2.388277      0.7490730       2.063096       7.168221       7.168221       9.734281       9.815218       12.99867       13.54241       13.54241       15.03023       16.36552       16.41773    
  0.4876599      -9.928299      -5.214641      -2.475702      -2.475702      0.6911869       1.860404       7.487750       7.487750       10.03850       10.10318       13.28416       13.43480       13.43480       15.36277       15.93470       16.48286    
  0.5120429      -9.725703      -5.518788      -2.554292      -2.554292      0.6443129       1.672492       7.809676       7.809676       10.27304       10.46845       13.23968       13.23968       13.52327       15.51869       15.71280       16.66177    
  0.5364258      -9.514469      -5.820299      -2.623842      -2.623842      0.6090956       1.499744       8.136599       8.136600       10.52062       10.82941       12.98659       12.98659       13.70282       15.11291       16.08089       16.92977    
  0.5608088      -9.294953      -6.118693      -2.684355      -2.684355      0.5854850       1.342094       8.464229       8.464229       10.78158       11.18330       12.69035       12.69035       13.81101       14.71655       16.46442       17.26215    
  0.5851918      -9.067354      -6.413610      -2.735729      -2.735729      0.5737796       1.199601       8.789335       8.789335       11.04961       11.52904       12.37141       12.37141       13.84238       14.33026       16.86265       17.64212    
  0.6095749      -8.831889      -6.704358      -2.777851      -2.777851      0.5749097       1.072290       9.114647       9.114648       11.32875       11.86524       12.04346       12.04346       13.79910       13.95425       17.27307       18.05861    
  0.6339579      -8.588883      -6.990570      -2.810696      -2.810696      0.5886526      0.9599547       9.435184       9.435185       11.61894       11.71425       11.71425       12.18999       13.58863       13.68875       17.69207       18.50318    
  0.6583408      -8.338614      -7.271798      -2.834166      -2.834166      0.6158319      0.8624549       9.741274       9.741275       11.40104       11.40104       11.92012       12.50086       13.23352       13.52281       18.11228       18.96889    
  0.6827239      -8.081410      -7.547611      -2.848260      -2.848259      0.6565127      0.7795496       10.00275       10.00276       11.13447       11.13447       12.23225       12.79465       12.88903       13.31235       18.52030       19.17098    
  0.7071069      -7.817618      -7.817618      -2.852959      -2.852959      0.7109919      0.7109919       10.12390       10.12390       11.01150       11.01150       12.55524       12.55524       13.06708       13.06708       18.88909       18.88943    
  0.7071069      -7.817618      -7.817618      -2.852959      -2.852959      0.7109919      0.7109919       10.12390       10.12390       11.01150       11.01150       12.55524       12.55524       13.06708       13.06708       18.88910       18.88934    
  0.7192984      -7.817180      -7.817180      -2.856957      -2.856957      0.7182646      0.7182660       10.11230       10.11230       10.99280       10.99280       12.57101       12.57101       13.08291       13.08291       18.86738       18.86814    
  0.7314899      -7.815870      -7.815870      -2.868834      -2.868833      0.7399716      0.7399716       10.07618       10.07618       10.94304       10.94304       12.61071       12.61071       13.13296       13.13296       18.80590       18.80608    
  0.7436814      -7.813699      -7.813699      -2.888247      -2.888247      0.7757769      0.7757769       10.01235       10.01235       10.87710       10.87710       12.65789       12.65789       13.22200       13.22200       18.71650       18.71663    
  0.7558728      -7.810669      -7.810669      -2.914632      -2.914632      0.8256078      0.8256078       9.917733       9.917734       10.81040       10.81040       12.70073       12.70073       13.35050       13.35050       18.61006       18.61016    
  0.7680643      -7.806845      -7.806845      -2.947370      -2.947369      0.8878970      0.8878970       9.792045       9.792046       10.75297       10.75297       12.73353       12.73353       13.51219       13.51219       18.49249       18.49253    
  0.7802558      -7.802241      -7.802241      -2.985628      -2.985628      0.9623208      0.9623208       9.638758       9.638758       10.70830       10.70830       12.75908       12.75908       13.69832       13.69832       18.36983       18.37006    
  0.7924473      -7.796899      -7.796899      -3.028560      -3.028559       1.048055       1.048055       9.463530       9.463530       10.67543       10.67543       12.78003       12.78003       13.90141       13.90141       18.24536       18.24546    
  0.8046388      -7.790852      -7.790852      -3.075288      -3.075288       1.144753       1.144753       9.272137       9.272137       10.65186       10.65186       12.79873       12.79873       14.11668       14.11668       18.12251       18.12253    
  0.8168303      -7.784192      -7.784192      -3.124984      -3.124984       1.250623       1.250624       9.069137       9.069137       10.63503       10.63503       12.81566       12.81566       14.33940       14.33940       18.00038       18.00043    
  0.8290218      -7.776965      -7.776965      -3.176819      -3.176819       1.365371       1.365371       8.858054       8.858055       10.62308       10.62308       12.83195       12.83195       14.56756       14.56756       17.88142       17.88144    
  0.8412133      -7.769296      -7.769296      -3.230088      -3.230088       1.487973       1.487973       8.639412       8.639413       10.61347       10.61347       12.84725       12.84725       14.79867       14.79867       17.76593       17.76593    
  0.8534048      -7.761161      -7.761161      -3.283964      -3.283964       1.618336       1.618336       8.418941       8.418941       10.60755       10.60755       12.86332       12.86332       15.03228       15.03228       17.65626       17.65627    
  0.8655963      -7.752611      -7.752610      -3.337845      -3.337844       1.755714       1.755714       8.196441       8.196441       10.60442       10.60442       12.87957       12.87957       15.26814       15.26814       17.55280       17.55283    
  0.8777878      -7.743915      -7.743915      -3.391167      -3.391167       1.899226       1.899227       7.971151       7.971151       10.60122       10.60122       12.89508       12.89508       15.50047       15.50047       17.45669       17.45669    
  0.8899791      -7.735070      -7.735069      -3.443357      -3.443357       2.048572       2.048572       7.745988       7.745988       10.59948       10.59948       12.91138       12.91138       15.73031       15.73031       17.37010       17.37011    
  0.9021706      -7.726183      -7.726183      -3.493939      -3.493939       2.203256       2.203256       7.520706       7.520706       10.59850       10.59850       12.92765       12.92765       15.95347       15.95347       17.29621       17.29623    
  0.9143621      -7.717421      -7.717421      -3.542513      -3.542513       2.362526       2.362526       7.295306       7.295306       10.59683       10.59683       12.94355       12.94355       16.16367       16.16367       17.24028       17.24033    
  0.9265536      -7.708772      -7.708772      -3.588593      -3.588592       2.526600       2.526600       7.071239       7.071239       10.59682       10.59682       12.95934       12.95934       16.34925       16.34925       17.21561       17.21566    
  0.9387451      -7.700403      -7.700403      -3.631857      -3.631857       2.694759       2.694761       6.848406       6.848407       10.59711       10.59711       12.97467       12.97467       16.49029       16.49030       17.24106       17.24106    
  0.9509366      -7.692414      -7.692414      -3.671995      -3.671995       2.866983       2.866983       6.626112       6.626112       10.59688       10.59688       12.99168       12.99168       16.56884       16.56885       17.33309       17.33309    
  0.9631281      -7.684934      -7.684934      -3.708687      -3.708687       3.041990       3.041991       6.407030       6.407031       10.59751       10.59751       13.00545       13.00545       16.59228       16.59228       17.48616       17.48711    
  0.9753196      -7.678053      -7.678053      -3.741682      -3.741682       3.219619       3.219619       6.190585       6.190585       10.59819       10.59819       13.01819       13.01819       16.58430       16.58430       17.67479       17.67481    
  0.9875111      -7.671868      -7.671868      -3.770749      -3.770749       3.399105       3.399106       5.977515       5.977515       10.59888       10.59888       13.02970       13.02970       16.56300       16.56300       17.87949       17.87959    
  0.9997026      -7.666465      -7.666465      -3.795682      -3.795682       3.579398       3.579398       5.768897       5.768898       10.60030       10.60030       13.03912       13.03912       16.53860       16.53860       18.09058       18.09061    
   1.011894      -7.661930      -7.661930      -3.816325      -3.816325       3.758336       3.758336       5.566757       5.566757       10.60087       10.60087       13.04765       13.04765       16.51480       16.51480       18.29113       18.29130    
   1.024086      -7.658329      -7.658329      -3.832529      -3.832528       3.932242       3.932242       5.374821       5.374821       10.60135       10.60135       13.05445       13.05445       16.49461       16.49462       18.46338       18.46495    
   1.036277      -7.655705      -7.655705      -3.844177      -3.844177       4.092993       4.092993       5.201460       5.201460       10.60240       10.60240       13.05945       13.05945       16.47990       16.47990       18.56783       18.56801    
   1.048469      -7.654105      -7.654105      -3.851186      -3.851185       4.221124       4.221124       5.066786       5.066787       10.60283       10.60283       13.06321       13.06321       16.47075       16.47075       18.60063       18.60129    
   1.060660      -7.653575      -7.653575      -3.853532      -3.853532       4.273718       4.273718       5.011621       5.011621       10.60290       10.60290       13.06422       13.06422       16.46757       16.46757       18.60696       18.60709    
   1.060660      -7.653575      -7.653575      -3.853532      -3.853532       4.273718       4.273718       5.011621       5.011621       10.60290       10.60290       13.06422       13.06422       16.46757       16.46757       18.60696       18.60709    
   1.066756      -7.692546      -7.615054      -3.882929      -3.821802       4.217452       4.298907       5.006465       5.050488       10.52844       10.67234       12.99052       13.14176       16.39637       16.53652       18.52504       18.69088    
   1.072852      -7.730177      -7.578779      -3.911450      -3.786310       4.117446       4.315486       5.048299       5.100017       10.45094       10.73388       12.92267       13.22212       16.32601       16.59981       18.44636       18.81361    
   1.078947      -7.766472      -7.544768      -3.939082      -3.747151       3.989833       4.324352       5.119832       5.159077       10.37039       10.78500       12.86216       13.30469       16.25660       16.65599       18.37411       18.71452    
   1.085043      -7.801414      -7.512970      -3.965795      -3.704401       3.849324       4.327208       5.208935       5.226334       10.28775       10.82464       12.81264       13.38964       16.18963       16.70390       18.30977       18.60261    
   1.091139      -7.835008      -7.483371      -3.991577      -3.658207       3.701950       4.325280       5.300329       5.308428       10.20290       10.85006       12.77585       13.47645       16.12491       16.74207       18.25354       18.48188    
   1.097234      -7.867252      -7.455937      -4.016419      -3.608757       3.551494       4.319660       5.379681       5.414357       10.11513       10.85855       12.75298       13.56474       16.06203       16.76856       18.20483       18.34985    
   1.103330      -7.898140      -7.430583      -4.040296      -3.556188       3.400154       4.311589       5.463619       5.525209       10.02644       10.85024       12.74748       13.65461       16.00241       16.78434       18.16303       18.21783    
   1.109426      -7.927671      -7.407256      -4.063200      -3.500747       3.249234       4.301729       5.551190       5.639540       9.936058       10.82399       12.75900       13.74572       15.94548       16.78850       18.08217       18.12455    
   1.115521      -7.955843      -7.385869      -4.085117      -3.442677       3.099624       4.290678       5.641756       5.756616       9.844115       10.78035       12.78716       13.83788       15.89127       16.78163       17.94385       18.08561    
   1.121617      -7.982647      -7.366282      -4.106032      -3.382211       2.952248       4.278976       5.734887       5.876318       9.751131       10.72151       12.83108       13.93107       15.84030       16.76491       17.80365       18.04408    
   1.127713      -8.008106      -7.348516      -4.125952      -3.319738       2.807062       4.265685       5.829982       5.997610       9.656250       10.64745       12.88846       14.02437       15.79136       16.73970       17.66195       17.99605    
   1.133808      -8.032189      -7.332403      -4.144825      -3.255548       2.664892       4.253429       5.927045       6.120765       9.560339       10.56168       12.95844       14.12002       15.74541       16.70781       17.52000       17.94446    
   1.139904      -8.054905      -7.317851      -4.162682      -3.190029       2.526044       4.241251       6.025440       6.245287       9.463264       10.46557       13.03764       14.21488       15.70166       16.67059       17.37745       17.88696    
   1.146000      -8.076253      -7.304771      -4.179499      -3.123582       2.390441       4.229338       6.125095       6.371137       9.365170       10.36097       13.12518       14.31006       15.65975       16.62934       17.23368       17.82512    
   1.152096      -8.096231      -7.293042      -4.195269      -3.056660       2.259635       4.217822       6.225810       6.498318       9.266165       10.24964       13.21970       14.40538       15.62059       16.58508       17.09168       17.76016    
   1.158191      -8.114836      -7.282579      -4.209984      -2.989754       2.133533       4.206807       6.327392       6.626671       9.166360       10.13275       13.32001       14.50069       15.58340       16.53859       16.95057       17.69337    
   1.164287      -8.132073      -7.273374      -4.223647      -2.923414       2.012154       4.196315       6.429607       6.756697       9.065850       10.01044       13.42408       14.59577       15.54712       16.49055       16.81026       17.62534    
   1.170383      -8.147931      -7.265168      -4.236229      -2.858223       1.897009       4.186535       6.532349       6.887115       8.964844       9.885355       13.53324       14.69047       15.51284       16.44101       16.67240       17.55838    
   1.176479      -8.162415      -7.257964      -4.247736      -2.794828       1.788210       4.177463       6.635371       7.018432       8.863482       9.757371       13.64572       14.78453       15.47932       16.39031       16.53715       17.49290    
   1.182574      -8.175520      -7.251683      -4.258164      -2.733928       1.686405       4.169146       6.738431       7.150546       8.761982       9.627096       13.76093       14.87767       15.44580       16.33850       16.40543       17.42994    
   1.188670      -8.187249      -7.246257      -4.267506      -2.676271       1.592294       4.161622       6.841224       7.283339       8.660623       9.495062       13.87835       14.96954       15.41119       16.27855       16.28557       17.37046    
   1.194766      -8.197592      -7.241560      -4.275732      -2.622477       1.507176       4.155097       6.943848       7.417434       8.559887       9.362144       13.99893       15.06103       15.37471       16.15956       16.23154       17.31573    
   1.200861      -8.206581      -7.237671      -4.282923      -2.573747       1.430702       4.148657       7.044364       7.550838       8.458465       9.225874       14.11909       15.14569       15.33250       16.04768       16.17598       17.26505    
   1.206957      -8.214175      -7.234457      -4.288985      -2.530675       1.364255       4.143667       7.142998       7.684503       8.360804       9.091486       14.23989       15.23027       15.28296       15.94876       16.12011       17.22145    
   1.213053      -8.220388      -7.231879      -4.293926      -2.494089       1.308676       4.139596       7.238982       7.818014       8.267347       8.957553       14.36059       15.22327       15.31032       15.86686       16.06450       17.18665    
   1.219149      -8.225222      -7.229914      -4.297789      -2.464736       1.264512       4.136390       7.327304       7.949493       8.179666       8.825322       14.47966       15.15160       15.38357       15.80206       16.01060       17.15747    
   1.225244      -8.228675      -7.228530      -4.300550      -2.443262       1.232472       4.134094       7.403900       8.076422       8.103528       8.697787       14.59483       15.06942       15.44596       15.75670       15.96230       17.13626    
   1.231340      -8.230746      -7.227707      -4.302207      -2.430165       1.213042       4.132712       7.459312       8.048391       8.188808       8.585008       14.69887       14.98446       15.49037       15.73021       15.92646       17.12340    
   1.237436      -8.231438      -7.227434      -4.302759      -2.425764       1.206530       4.132252       7.480271       8.027525       8.244968       8.528715       14.75497       14.93456       15.50700       15.72155       15.91271       17.11909    
   1.237436      -8.231438      -7.227434      -4.302759      -2.425764       1.206530       4.132252       7.480271       8.027525       8.244968       8.528715       14.75497       14.93456       15.50700       15.72155       15.91271       17.11909    
   1.269110      -8.356753      -7.099501      -4.375733      -2.336330       1.310324       4.657439       7.163236       7.705166       7.990016       8.254010       14.83241       15.19742       15.54125       15.63203       15.87394       17.55267    
   1.300784      -8.500505      -6.959174      -4.413547      -2.239627       1.422380       5.190307       6.853684       7.400036       7.739513       7.990147       14.70094       15.32880       15.45469       15.57226       16.24072       17.99007    
   1.332459      -8.660519      -6.806541      -4.417250      -2.136231       1.542307       5.703486       6.552665       7.135615       7.495628       7.738835       14.44841       15.02626       15.70396       15.72116       16.59174       17.76213    
   1.364133      -8.833824      -6.641660      -4.388958      -2.026701       1.669147       6.116328       6.260733       6.991408       7.259821       7.501017       14.16545       14.73256       15.86505       15.94669       16.93438       17.16718    
   1.395808      -9.017218      -6.464549      -4.331291      -1.911318       1.802741       5.978489       6.193103       7.033630       7.201351       7.279820       13.87977       14.45219       15.84243       16.18538       16.75270       17.26900    
   1.427482      -9.207408      -6.275420      -4.247131      -1.791633       1.940113       5.706125       6.014414       6.818678       7.072308       7.679644       13.59921       14.18846       15.44754       16.41301       16.72360       17.59629    
   1.459157      -9.401480      -6.074340      -4.139194      -1.668194       2.080359       5.443820       5.778355       6.616513       6.880683       8.224422       13.32517       13.94581       14.86719       16.62593       16.88534       17.91334    
   1.490831      -9.596757      -5.861371      -4.010101      -1.542137       2.222007       5.191554       5.534460       6.428680       6.705398       8.776055       13.06191       13.73172       14.24887       16.81994       17.10014       17.52604    
   1.522505      -9.790989      -5.636672      -3.861879      -1.414101       2.362569       4.950235       5.293547       6.257636       6.550322       9.312923       12.80622       13.55733       13.62813       16.99736       17.03191       17.33211    
   1.554180      -9.982288      -5.400387      -3.696639      -1.285510       2.499205       4.720575       5.061177       6.105330       6.417305       9.809543       12.54645       13.02786       13.44103       16.52668       17.14090       17.57074    
   1.585854      -10.16908      -5.152615      -3.516058      -1.157418       2.628878       4.502081       4.838939       5.974170       6.307259       10.23167       12.20956       12.52782       13.41099       16.02581       17.23013       17.81209    
   1.617529      -10.35017      -4.893677      -3.321964      -1.031636       2.747311       4.294467       4.625038       5.866009       6.217000       10.53775       11.69035       12.23181       13.49613       15.54612       17.23024       18.04969    
   1.649203      -10.52436      -4.623735      -3.115764     -0.9091454       2.850958       4.098648       4.421826       5.782987       6.152906       10.70104       11.11808       12.02039       13.69736       15.12294       17.11961       18.28166    
   1.680878      -10.69081      -4.343085      -2.898959     -0.7916694       2.936268       3.914319       4.228096       5.725059       6.113835       10.54832       10.72840       11.83787       13.87842       14.88207       16.88025       18.49301    
   1.712552      -10.84883      -4.052065      -2.673024     -0.6803422       3.000587       3.741571       4.044100       5.690546       6.100962       9.993723       10.65413       11.67577       13.75787       15.07342       16.53291       18.66789    
   1.744227      -10.99778      -3.751064      -2.439489     -0.5763431       3.043123       3.580564       3.870708       5.673841       6.114965       9.466105       10.51097       11.53278       13.43996       15.56770       16.11113       18.77377    
   1.775901      -11.13719      -3.440676      -2.200115     -0.4810791       3.064336       3.430851       3.707177       5.663964       6.155043       8.971032       10.32068       11.40810       13.09305       15.64336       16.17274       18.75882    
   1.807575      -11.26660      -3.121452      -1.956603     -0.3944683       3.067264       3.293260       3.553586       5.643557       6.223349       8.528008       10.09721       11.30364       12.76535       15.15721       16.82937       18.58866    
   1.839250      -11.38568      -2.794295      -1.711136     -0.3173180       3.055052       3.167494       3.409564       5.588112       6.318004       8.154058       9.849957       11.21949       12.47044       14.66463       17.51539       18.28599    
   1.870924      -11.49415      -2.460359      -1.466186     -0.2497621       3.031322       3.053595       3.274879       5.470656       6.437613       7.871004       9.587387       11.15644       12.21262       14.17566       17.90899       18.21912    
   1.902599      -11.59180      -2.121532      -1.224694     -0.1917400       2.951571       2.999193       3.149270       5.274246       6.579871       7.689945       9.318126       11.11402       11.99153       13.69761       17.50193       18.94003    
   1.934273      -11.67835      -1.779546     -0.9901514     -0.1426921       2.861507       2.961270       3.032829       5.005322       6.741731       7.603276       9.051328       11.09408       11.80584       13.23718       17.09737       19.66305    
   1.965948      -11.75369      -1.438292     -0.7668533     -0.1023130       2.783358       2.918538       2.925496       4.688476       6.918426       7.583163       8.796136       11.09366       11.65151       12.80025       16.70894       21.64386    
   1.997622      -11.81766      -1.102458     -0.5601702     -6.9600105E-02   2.717236       2.827708       2.870806       4.354491       7.103883       7.602278       8.561578       11.11185       11.52463       12.39460       16.35140       22.19132    
   2.029297      -11.87013     -0.7801194     -0.3755474     -4.4003963E-02   2.663113       2.741920       2.815557       4.032622       7.289187       7.638749       8.356178       11.14407       11.42608       12.02917       16.03557       22.46909    
   2.060971      -11.91103     -0.4843073     -0.2202020     -2.4873257E-02   2.620999       2.669726       2.748733       3.751914       7.462234       7.678063       8.187438       11.18325       11.35153       11.71618       15.77223       22.73009    
   2.092645      -11.94028     -0.2356071     -0.1016002     -1.1635303E-02   2.590910       2.614232       2.670327       3.540464       7.607127       7.711251       8.061812       11.22092       11.29938       11.47147       15.57277       22.95333    
   2.124320      -11.95784     -6.3694954E-02 -2.6671410E-02 -3.3020973E-03   2.573594       2.579009       2.597939       3.415024       7.705732       7.735488       7.984344       11.24840       11.26883       11.31489       15.44781       23.10971    
   2.155994      -11.96363     -9.5367432E-07   0.000000       0.000000       2.568221       2.568222       2.568222       3.374771       7.748498       7.748498       7.958278       11.26092       11.26092       11.26092       15.40519       23.18910    
   2.155994      -11.96363     -9.5367432E-07   0.000000       0.000000       2.568221       2.568222       2.568222       3.374771       7.748498       7.748498       7.958278       11.26092       11.26092       11.26092       15.40519       23.18910    
   2.185857      -11.95976     -4.7944069E-02 -7.3962212E-03 -7.3962212E-03   2.577575       2.577575       2.580356       3.401655       7.730155       7.730155       7.975677       11.24262       11.28650       11.28650       15.43363       23.13258    
   2.215720      -11.94809     -0.1812983     -2.8238297E-02 -2.8238297E-02   2.606028       2.606028       2.607547       3.486155       7.685107       7.685107       8.027527       11.19275       11.36384       11.36384       15.51737       22.99311    
   2.245583      -11.92858     -0.3812962     -6.0396194E-02 -6.0396194E-02   2.627982       2.653224       2.653224       3.632348       7.621766       7.621766       8.112375       11.11757       11.49051       11.49051       15.65195       22.78128    
   2.275446      -11.90130     -0.6286683     -0.1029930     -0.1029930       2.628116       2.716007       2.716007       3.834559       7.542444       7.542444       8.227427       11.02298       11.65921       11.65921       15.83118       22.47768    
   2.305309      -11.86628     -0.9076991     -0.1541100     -0.1541100       2.607214       2.791533       2.791533       4.079269       7.453948       7.453948       8.368608       10.91771       11.86384       11.86384       16.04831       22.11163    
   2.335171      -11.82357      -1.207261     -0.2117801     -0.2117801       2.569672       2.876616       2.876616       4.352573       7.362906       7.362906       8.529880       10.81183       12.09866       12.09866       16.29665       21.69416    
   2.365034      -11.77319      -1.519345     -0.2740483     -0.2740483       2.520567       2.967930       2.967930       4.644518       7.275521       7.275521       8.702172       10.72034       12.35890       12.35890       16.57151       21.25046    
   2.394897      -11.71531      -1.839633     -0.3394804     -0.3394804       2.462869       3.061817       3.061817       4.946501       7.197199       7.197199       8.871265       10.65386       12.63966       12.63966       16.86340       20.77998    
   2.424760      -11.64996      -2.163952     -0.4065361     -0.4065361       2.399828       3.154780       3.154780       5.254244       7.133069       7.133069       9.016892       10.63696       12.93735       12.93735       17.16631       20.30801    
   2.454623      -11.57721      -2.489646     -0.4736290     -0.4736290       2.333674       3.243712       3.243712       5.564368       7.088441       7.088441       9.115926       10.69366       13.25011       13.25011       17.46995       19.84328    
   2.484486      -11.49729      -2.814719     -0.5406141     -0.5406141       2.265940       3.324441       3.324441       5.874379       7.066102       7.066102       9.155101       10.83718       13.57039       13.57039       17.75698       19.37677    
   2.514349      -11.41033      -3.137607     -0.6062531     -0.6062531       2.198012       3.394481       3.394481       6.182190       7.070136       7.070136       9.141206       11.06097       13.89512       13.89512       17.99461       18.92104    
   2.544212      -11.31654      -3.457050     -0.6699061     -0.6699061       2.130943       3.451604       3.451604       6.485627       7.103176       7.103176       9.093143       11.34627       14.21726       14.21726       18.12706       18.48335    
   2.574075      -11.21614      -3.771941     -0.7310543     -0.7310543       2.065564       3.494513       3.494513       6.781822       7.166819       7.166819       9.029972       11.67457       14.52517       14.52517       18.07555       18.08441    
   2.603937      -11.10946      -4.081299     -0.7892861     -0.7892861       2.002550       3.522969       3.522969       7.066216       7.261518       7.261518       8.967581       12.03163       14.79784       14.79784       17.71876       17.71943    
   2.633800      -10.99687      -4.384195     -0.8442774     -0.8442774       1.942440       3.537751       3.537751       7.330890       7.386639       7.386639       8.921089       12.40624       14.99727       14.99727       17.45100       17.46944    
   2.663663      -10.87886      -4.679703     -0.8957720     -0.8957720       1.885668       3.540448       3.540448       7.540673       7.540673       7.562220       8.908640       12.78788       15.06844       15.06845       17.32727       17.43184    
   2.693526      -10.75606      -4.966845     -0.9435682     -0.9435682       1.832584       3.533175       3.533175       7.721537       7.721537       7.740630       8.952693       13.16407       14.97562       14.97568       17.16991       17.38319    
   2.723389      -10.62922      -5.244494     -0.9872742     -0.9872742       1.783537       3.518413       3.518413       7.851120       7.930785       7.930785       9.071271       13.51733       14.74650       14.74656       16.92839       17.59573    
   2.753252      -10.49944      -5.511519      -1.027248      -1.027248       1.738311       3.498158       3.498158       7.896373       8.158067       8.158067       9.260426       13.81992       14.43177       14.43179       16.75163       17.90525    
   2.783115      -10.36802      -5.766141      -1.063182      -1.063182       1.697694       3.474720       3.474720       7.898890       8.405139       8.405139       9.498892       14.02960       14.07237       14.07238       16.67582       18.27219    
   2.812978      -10.23677      -6.006464      -1.094984      -1.094984       1.661594       3.450075       3.450075       7.878778       8.669739       8.669739       9.766517       13.69350       13.69350       14.11017       16.74221       18.67440    
   2.842841      -10.10808      -6.229949      -1.122610      -1.122610       1.630122       3.425789       3.425789       7.849142       8.949717       8.949717       10.04907       13.30674       13.30674       14.05746       16.95667       19.09870    
   2.872704      -9.985075      -6.433297      -1.145971      -1.145971       1.603372       3.403277       3.403277       7.817774       9.247305       9.247305       10.33700       12.91990       12.91990       13.90561       17.28761       19.54067    
   2.902567      -9.871991      -6.612258      -1.165153      -1.165153       1.581490       3.383435       3.383435       7.788472       9.551111       9.551111       10.62102       12.53721       12.53721       13.69806       17.69782       19.98845    
   2.932430      -9.774094      -6.761514      -1.180084      -1.180084       1.564352       3.367190       3.367190       7.763784       9.861423       9.861423       10.89004       12.16469       12.16469       13.47101       18.15289       20.44079    
   2.962293      -9.697419      -6.874910      -1.190755      -1.190755       1.552085       3.355165       3.355165       7.745315       10.16942       10.16942       11.12635       11.81193       11.81193       13.25714       18.63503       20.89301    
   2.992156      -9.648146      -6.946224      -1.197159      -1.197159       1.544716       3.347786       3.347786       7.733931       10.44715       10.44715       11.29890       11.50726       11.50726       13.09549       19.11884       20.34026    
   3.022019      -9.631124      -6.970642      -1.199416      -1.199415       1.542255       3.344332       3.344333       7.730007       10.58544       10.58544       11.35720       11.35720       11.36446       13.03310       19.43903       20.00393    
   3.022019      -9.631124      -6.970642      -1.199416      -1.199415       1.542255       3.344332       3.344333       7.730007       10.58544       10.58544       11.35720       11.35720       11.36446       13.03310       19.43903       20.00393    
   3.034149      -9.628662      -6.969172      -1.223836      -1.203671       1.564761       3.341198       3.354800       7.741770       10.49748       10.54592       11.34798       11.40279       11.45435       13.05371       19.43436       20.00088    
   3.046280      -9.621366      -6.964861      -1.294791      -1.216634       1.629051       3.329905       3.383101       7.775959       10.30095       10.44603       11.31238       11.51236       11.65823       13.11363       19.41719       19.99035    
   3.058410      -9.609213      -6.957746      -1.405384      -1.237818       1.726473       3.314433       3.429837       7.830141       10.06788       10.31528       11.25985       11.65920       11.90356       13.20812       19.38588       19.97188    
   3.070540      -9.592223      -6.947930      -1.547158      -1.266646       1.844912       3.300180       3.494413       7.899979       9.825066       10.17098       11.19818       11.82594       12.16368       13.33179       19.33665       19.94828    
   3.082671      -9.570416      -6.935566      -1.712011      -1.302380       1.970035       3.295528       3.576070       7.978885       9.583689       10.02137       11.13545       12.00423       12.42811       13.48015       19.26445       19.92098    
   3.094801      -9.543821      -6.920845      -1.892995      -1.344123       2.085717       3.312744       3.673986       8.057324       9.352467       9.870566       11.07969       12.19004       12.69228       13.65040       19.16584       19.89469    
   3.106932      -9.512476      -6.904076      -2.085094      -1.391250       2.175200       3.364369       3.786975       8.119004       9.138551       9.718986       11.03884       12.38007       12.94860       13.84092       19.03702       19.86922    
   3.119062      -9.476439      -6.885561      -2.283817      -1.442387       2.226769       3.461040       3.914328       8.139897       8.964283       9.570944       11.02075       12.57451       13.19556       14.05134       18.88041       19.84816    
   3.131192      -9.435751      -6.865717      -2.485902      -1.496609       2.238902       3.603432       4.055595       8.090878       8.850286       9.426472       11.03427       12.77254       13.43087       14.28154       18.70166       19.83220    
   3.143323      -9.390512      -6.845106      -2.688670      -1.553491       2.218591       3.783635       4.208598       7.963290       8.795203       9.284594       11.08605       12.97161       13.65159       14.53006       18.50483       19.81886    
   3.155453      -9.340784      -6.824358      -2.889719      -1.611994       2.175792       3.991618       4.373027       7.785455       8.769729       9.146508       11.18118       13.17190       13.85872       14.79487       18.29544       19.80704    
   3.167584      -9.286715      -6.804319      -3.087309      -1.671407       2.118433       4.217985       4.547854       7.582424       8.744536       9.012488       11.32043       13.37267       14.05261       15.07211       18.07744       19.79995    
   3.179714      -9.228422      -6.785851      -3.278690      -1.731009       2.052977       4.459282       4.733157       7.369893       8.707820       8.883078       11.50311       13.57362       14.23422       15.36062       17.85492       19.77225    
   3.191845      -9.166102      -6.770144      -3.462135      -1.790244       1.983142       4.708541       4.926718       7.155125       8.655835       8.759039       11.72337       13.77377       14.40415       15.65585       17.63109       19.56390    
   3.203975      -9.100020      -6.758543      -3.635513      -1.848629       1.911579       4.963146       5.129136       6.942902       8.588994       8.636804       11.97639       13.97272       14.56219       15.95361       17.40868       19.16561    
   3.216106      -9.030437      -6.752520      -3.796489      -1.905606       1.840389       5.217507       5.337754       6.738361       8.511461       8.523299       12.25714       14.17006       14.70822       16.24938       17.19367       18.82228    
   3.228236      -8.957788      -6.753732      -3.942757      -1.960785       1.770558       5.463078       5.552297       6.550032       8.415604       8.425222       12.56115       14.36310       14.84022       16.52068       17.00639       18.45925    
   3.240367      -8.882617      -6.763633      -4.071924      -2.013860       1.703273       5.673047       5.771503       6.404471       8.315456       8.332758       12.88406       14.55288       14.95660       16.61762       16.99732       18.09513    
   3.252497      -8.805678      -6.783500      -4.181784      -2.064732       1.638935       5.768495       5.992960       6.380128       8.222993       8.235848       13.22223       14.73622       15.05485       16.46471       17.23817       17.72678    
   3.264628      -8.727984      -6.813821      -4.270523      -2.112610       1.578827       5.696703       6.214781       6.530340       8.137627       8.143101       13.57271       14.91379       15.13297       16.27389       17.36345       17.52367    
   3.276758      -8.651073      -6.854190      -4.337027      -2.157485       1.523069       5.545256       6.432510       6.765321       8.038377       8.079676       13.92886       15.08200       15.18916       16.08304       17.00699       17.80305    
   3.288888      -8.577056      -6.902666      -4.381026      -2.199260       1.471731       5.371424       6.637184       7.024924       7.941560       8.038507       14.27820       15.22768       15.23151       15.89740       16.66224       18.04079    
   3.301019      -8.508904      -6.955528      -4.403094      -2.237679       1.425429       5.192606       6.817065       7.285069       7.856090       8.032452       14.58651       15.27878       15.34484       15.71851       16.34979       18.00268    
   3.313149      -8.450843      -7.007206      -4.404610      -2.272584       1.384148       5.014255       6.955141       7.494694       7.825635       8.077618       14.76322       15.36752       15.42181       15.55114       16.12447       17.84602    
   3.325280      -8.408393      -7.050345      -4.387376      -2.303851       1.348293       4.837780       7.038827       7.527739       7.978356       8.187302       14.77099       15.22120       15.34451       15.74592       16.05742       17.70835    
   3.337410      -8.387831      -7.076618      -4.353516      -2.331344       1.317686       4.664139       7.070606       7.455026       8.237595       8.358197       14.69031       14.94836       15.14685       16.11808       16.12034       17.59093    
   3.349540      -8.394547      -7.078575      -4.305073      -2.354939       1.292446       4.498021       7.064856       7.362118       8.518490       8.575678       14.57526       14.62973       14.92700       16.22732       16.51825       17.49126    
   3.361671      -8.430864      -7.052023      -4.243988      -2.374530       1.272694       4.337532       7.036345       7.264409       8.805964       8.827282       14.29718       14.44537       14.68975       16.34562       16.91825       17.41345    
   3.373801      -8.495005      -6.997138      -4.172055      -2.390102       1.258285       4.183062       6.994740       7.165102       9.093081       9.097197       13.96106       14.30234       14.44445       16.46370       17.17819       17.47607    
   3.373801      -8.495005      -6.997138      -4.172055      -2.390102       1.258285       4.183062       6.994740       7.165102       9.093081       9.097197       13.96106       14.30234       14.44445       16.46370       17.17819       17.47607    
   3.380367      -8.479439      -7.010074      -4.180434      -2.396733       1.261224       4.180055       6.965622       7.250554       8.934530       9.195158       13.96625       14.34256       14.51262       16.40934       17.16723       17.44167    
   3.386932      -8.462915      -7.023152      -4.187697      -2.411665       1.277091       4.178059       6.894814       7.375604       8.775559       9.295721       13.92049       14.39304       14.62439       16.33022       17.17793       17.41409    
   3.393497      -8.445440      -7.036399      -4.193796      -2.434700       1.305610       4.176991       6.815258       7.505856       8.617051       9.396534       13.85176       14.44284       14.76146       16.23424       17.19737       17.39778    
   3.400063      -8.426989      -7.049847      -4.198643      -2.465314       1.346337       4.177298       6.733650       7.633721       8.465590       9.497930       13.77422       14.49154       14.91030       16.13216       17.21244       17.40128    
   3.406628      -8.407570      -7.063564      -4.202222      -2.502975       1.398551       4.178273       6.650640       7.751316       8.325246       9.599402       13.69192       14.53953       15.06310       16.02531       17.21301       17.42877    
   3.413193      -8.387182      -7.077551      -4.204490      -2.546987       1.461829       4.180254       6.566658       7.835746       8.218710       9.700963       13.60843       14.58646       15.21405       15.92257       17.20219       17.47561    
   3.419759      -8.365826      -7.091861      -4.205384      -2.596573       1.535241       4.183337       6.482946       7.827948       8.204586       9.802570       13.52450       14.63122       15.35298       15.83674       17.18662       17.53284    
   3.426324      -8.343504      -7.106635      -4.204896      -2.651100       1.617761       4.187297       6.398888       7.725847       8.285644       9.903516       13.44071       14.67166       15.45048       15.79817       17.16973       17.59582    
   3.432889      -8.320210      -7.121858      -4.203008      -2.709480       1.709154       4.192176       6.315026       7.589761       8.399462       10.00383       13.35773       14.70347       15.46376       15.85386       17.15445       17.66105    
   3.439455      -8.295940      -7.137622      -4.199697      -2.771085       1.808420       4.198174       6.231421       7.443398       8.523018       10.10305       13.27614       14.72142       15.42487       15.97805       17.14158       17.72741    
   3.446020      -8.270718      -7.154005      -4.194924      -2.835158       1.914950       4.204790       6.148341       7.293848       8.649509       10.20113       13.19628       14.71800       15.38475       16.12456       17.13222       17.79418    
   3.452585      -8.244518      -7.171089      -4.188681      -2.901060       2.027902       4.212246       6.065692       7.143294       8.776599       10.29681       13.11885       14.68766       15.36568       16.27663       17.12740       17.85916    
   3.459151      -8.217353      -7.188954      -4.180942      -2.968113       2.146790       4.220537       5.983801       6.992815       8.904628       10.39057       13.04446       14.63058       15.37267       16.42724       17.13001       17.92288    
   3.465716      -8.189220      -7.207692      -4.171723      -3.035753       2.271263       4.229461       5.902628       6.842979       9.030045       10.48027       12.97440       14.55250       15.40153       16.57051       17.14201       17.98227    
   3.472281      -8.160135      -7.227400      -4.161013      -3.103474       2.400311       4.238947       5.822287       6.693292       9.153563       10.56510       12.90843       14.46042       15.44575       16.69731       17.16957       18.03705    
   3.478847      -8.130077      -7.248128      -4.148778      -3.170762       2.534364       4.249055       5.743184       6.545594       9.275375       10.64468       12.84831       14.36014       15.50122       16.79640       17.22803       18.08650    
   3.485412      -8.099072      -7.270045      -4.135034      -3.237181       2.671779       4.259994       5.665338       6.398876       9.395070       10.71653       12.79511       14.25465       15.56299       16.85822       17.31998       18.12871    
   3.491977      -8.067122      -7.293218      -4.119784      -3.302352       2.812696       4.270503       5.588747       6.253314       9.512349       10.77912       12.74988       14.14708       15.62980       16.88795       17.43897       18.16448    
   3.498543      -8.034216      -7.317765      -4.103016      -3.365875       2.956595       4.281055       5.514024       6.109999       9.627135       10.83074       12.71544       14.03919       15.69987       16.89743       17.57373       18.19608    
   3.505108      -8.000357      -7.343716      -4.084727      -3.427417       3.103248       4.291963       5.441290       5.969071       9.739422       10.87052       12.69316       13.93189       15.77259       16.89307       17.71404       18.22719    
   3.511673      -7.965570      -7.371212      -4.064935      -3.486720       3.251819       4.301712       5.370610       5.830682       9.848403       10.89598       12.68399       13.82537       15.84679       16.87799       17.85240       18.26325    
   3.518239      -7.929830      -7.400282      -4.043635      -3.543469       3.402035       4.310500       5.302885       5.695525       9.955194       10.90669       12.68972       13.72084       15.92317       16.85378       17.98325       18.31252    
   3.524804      -7.893154      -7.431041      -4.020849      -3.597462       3.552701       4.317734       5.238104       5.564383       10.05841       10.90184       12.70905       13.61822       15.99991       16.82082       18.09748       18.38083    
   3.531369      -7.855543      -7.463542      -3.996580      -3.648482       3.702561       4.322732       5.176969       5.438666       10.15832       10.88193       12.74214       13.51806       16.07732       16.77954       18.19306       18.47206    
   3.537935      -7.817001      -7.497833      -3.970841      -3.696343       3.849452       4.324623       5.120206       5.320740       10.25511       10.84801       12.78816       13.42068       16.15538       16.73051       18.27571       18.58031    
   3.544500      -7.777530      -7.533962      -3.943649      -3.740892       3.989541       4.322331       5.068975       5.214143       10.34809       10.80170       12.84497       13.32639       16.23367       16.67427       18.35455       18.69325    
   3.551065      -7.737127      -7.571941      -3.915014      -3.781996       4.116787       4.314569       5.026174       5.124567       10.43738       10.74472       12.91148       13.23557       16.31234       16.61122       18.43567       18.78145    
   3.557631      -7.695810      -7.611818      -3.884970      -3.819574       4.216590       4.299233       5.000654       5.057048       10.52227       10.67778       12.98488       13.14802       16.39025       16.54203       18.51990       18.69613    
   3.564196      -7.653575      -7.653575      -3.853532      -3.853532       4.273718       4.273718       5.011621       5.011621       10.60290       10.60290       13.06422       13.06422       16.46757       16.46757       18.60696       18.60709    
   3.564196      -7.653575      -7.653575      -3.853532      -3.853532       4.273718       4.273718       5.011621       5.011621       10.60290       10.60290       13.06422       13.06422       16.46757       16.46757       18.60696       18.60709    
   3.576388      -7.766239      -7.542374      -3.933026      -3.764721       4.178418       4.337446       4.943021       5.122519       10.37829       10.78950       12.86563       13.29544       16.25051       16.65454       18.39063       18.80621    
   3.588579      -7.879338      -7.433848      -4.001841      -3.667842       4.071522       4.342068       4.943771       5.255652       10.11795       10.93726       12.69756       13.55680       16.00456       16.81399       18.20017       18.64753    
   3.600771      -7.992008      -7.329334      -4.058471      -3.563994       3.961926       4.284709       5.016601       5.401847       9.829346       11.04908       12.55516       13.84059       15.73913       16.95182       18.02816       18.51714    
   3.612962      -8.103489      -7.230331      -4.101286      -3.454179       3.855014       4.192392       5.135736       5.556815       9.518748       11.12872       12.43588       14.12973       15.47435       17.07277       17.86051       18.42484    
   3.625154      -8.213150      -7.138422      -4.128618      -3.339345       3.752273       4.084664       5.280350       5.718143       9.192250       11.17980       12.33300       14.37300       15.26197       17.17938       17.68593       18.37729    
   3.637345      -8.320513      -7.055239      -4.138823      -3.220393       3.655297       3.972035       5.440456       5.884887       8.853550       11.20681       12.24297       14.42669       15.24680       17.26860       17.50306       18.37502    
   3.649537      -8.425122      -6.982196      -4.130462      -3.098114       3.564672       3.858454       5.612664       6.056271       8.504556       11.21222       12.16226       14.24428       15.47416       17.31443       17.32793       18.19072    
   3.661728      -8.526638      -6.920460      -4.102369      -2.973402       3.481114       3.745941       5.792163       6.231101       8.154346       11.19639       12.08886       13.97658       15.79011       17.12606       17.31614       18.02946    
   3.673920      -8.624669      -6.870563      -4.053928      -2.847028       3.405046       3.635784       5.980491       6.409642       7.802706       11.16171       12.02120       13.69266       16.10775       16.95977       17.18909       17.98169    
   3.686111      -8.718998      -6.832648      -3.985141      -2.719825       3.336851       3.527839       6.175220       6.590016       7.451481       11.10716       11.95795       13.41339       16.32136       16.89972       16.96443       18.02185    
   3.698303      -8.809392      -6.806232      -3.896593      -2.592615       3.275965       3.422230       6.376436       6.772010       7.102524       11.03162       11.89845       13.14876       16.28188       16.69056       17.08511       18.10531    
   3.710494      -8.895661      -6.790306      -3.789404      -2.466261       3.224400       3.319629       6.584070       6.757098       6.954822       10.93392       11.84238       12.90662       16.10863       16.39441       17.38953       18.21006    
   3.722686      -8.977631      -6.783551      -3.665096      -2.341603       3.181726       3.219295       6.416828       6.797879       7.137091       10.81558       11.78941       12.69068       15.90006       16.08487       17.70686       18.32402    
   3.734877      -9.055161      -6.784430      -3.525356      -2.219531       3.120869       3.148296       6.083879       7.016971       7.317793       10.67921       11.73940       12.50344       15.67929       15.76806       18.00875       18.44262    
   3.747069      -9.128119      -6.791408      -3.372011      -2.100727       3.023769       3.124762       5.759388       7.242011       7.493592       10.52647       11.69273       12.34419       15.44712       15.45289       18.28527       18.56331    
   3.759260      -9.196426      -6.803105      -3.207248      -1.986503       2.926928       3.109259       5.444977       7.472178       7.661281       10.36563       11.64846       12.21019       15.12304       15.22325       18.53459       18.68162    
   3.771452      -9.259975      -6.818119      -3.032758      -1.877506       2.829226       3.102726       5.142962       7.707631       7.816111       10.20735       11.60711       12.09774       14.79772       14.99265       18.75982       18.79639    
   3.783643      -9.318682      -6.835240      -2.850194      -1.774421       2.729133       3.105344       4.855318       7.948716       7.951088       10.06424       11.56881       12.00263       14.47228       14.76289       18.90616       18.96504    
   3.795835      -9.372486      -6.853547      -2.661906      -1.678321       2.624794       3.115559       4.586260       8.056415       8.194222       9.950506       11.53346       11.92069       14.14749       14.53512       19.00732       19.15279    
   3.808026      -9.421284      -6.872134      -2.469606      -1.589716       2.514380       3.133121       4.338654       8.122777       8.448426       9.882329       11.50162       11.84952       13.82665       14.31155       19.10039       19.32480    
   3.820218      -9.465107      -6.890322      -2.275842      -1.509284       2.395805       3.156783       4.116035       8.141389       8.703224       9.866848       11.47255       11.78424       13.50539       14.09396       19.18068       19.47956    
   3.832409      -9.503873      -6.907547      -2.083421      -1.437503       2.268309       3.184835       3.921218       8.115510       8.961257       9.905130       11.44657       11.72294       13.18564       13.88509       19.24822       19.61489    
   3.844601      -9.537537      -6.923282      -1.895372      -1.374754       2.133200       3.216127       3.756850       8.057495       9.223613       9.988055       11.42406       11.66392       12.87123       13.68847       19.30471       19.73018    
   3.856792      -9.566073      -6.937181      -1.716310      -1.321368       1.994001       3.248084       3.622671       7.982072       9.489973       10.10020       11.40491       11.60495       12.56124       13.50811       19.34951       19.82198    
   3.868984      -9.589455      -6.948926      -1.551752      -1.277518       1.857618       3.278860       3.517946       7.903789       9.755903       10.22766       11.38919       11.54453       12.25866       13.34888       19.38405       19.89333    
   3.881175      -9.607660      -6.958289      -1.409008      -1.243332       1.733319       3.305935       3.440124       7.833051       10.01933       10.35625       11.37692       11.48300       11.96658       13.21644       19.40935       19.94473    
   3.893367      -9.620675      -6.965098      -1.296818      -1.218880       1.632221       3.327129       3.386697       7.777484       10.27166       10.47123       11.36814       11.42418       11.69370       13.11654       19.42657       19.97963    
   3.905558      -9.628489      -6.969230      -1.224420      -1.204197       1.565597       3.340651       3.355550       7.742183       10.48687       10.55448       11.36285       11.37805       11.46616       13.05427       19.43653       19.99849    
   3.917750      -9.631124      -6.970642      -1.199416      -1.199415       1.542255       3.344332       3.344333       7.730007       10.58544       10.58544       11.35720       11.35720       11.36446       13.03310       19.43903       20.00393    
   3.917750      -9.631124      -6.970642      -1.199416      -1.199415       1.542255       3.344332       3.344333       7.730007       10.58544       10.58544       11.35720       11.35720       11.36446       13.03310       19.43903       20.00393    
   3.928308      -9.629141      -6.969576      -1.218191      -1.202973       1.559818       3.341820       3.352956       7.739180       10.50935       10.56216       11.35325       11.38575       11.43964       13.04900       19.43705       19.99918    
   3.938866      -9.623281      -6.966472      -1.273247      -1.213891       1.610532       3.332018       3.375777       7.765884       10.33367       10.49953       11.33155       11.45565       11.61469       13.09604       19.42969       19.98497    
   3.949424      -9.613516      -6.961342      -1.360195      -1.231801       1.688987       3.317761       3.413521       7.808543       10.12027       10.41226       11.29854       11.55501       11.82674       13.17259       19.41696       19.96030    
   3.959982      -9.599856      -6.954254      -1.473408      -1.256314       1.787383       3.302336       3.465788       7.864244       9.894919       10.31161       11.25818       11.67254       12.04971       13.27674       19.39803       19.92426    
   3.970541      -9.582308      -6.945304      -1.607125      -1.286921       1.896345       3.290778       3.532060       7.928496       9.668920       10.20428       11.21484       11.80146       12.27253       13.40690       19.37133       19.87658    
   3.981099      -9.560884      -6.934624      -1.756199      -1.323027       2.005156       3.290248       3.611725       7.994447       9.450125       10.09401       11.17301       11.93792       12.48918       13.56189       19.33429       19.81888    
   3.991657      -9.535599      -6.922362      -1.916192      -1.363931       2.102017       3.310528       3.704180       8.051549       9.248492       9.983079       11.13724       12.07976       12.69718       13.74083       19.28356       19.75643    
   4.002215      -9.506470      -6.908757      -2.083963      -1.409145       2.175184       3.360403       3.808553       8.081690       9.075527       9.872499       11.11208       12.22526       12.89181       13.94159       19.21345       19.69220    
   4.012773      -9.473522      -6.894058      -2.256579      -1.457824       2.217093       3.446889       3.924185       8.060962       8.954597       9.761838       11.10231       12.37300       13.07502       14.16237       19.12077       19.63352    
   4.023331      -9.436801      -6.878541      -2.431730      -1.509008       2.226942       3.570311       4.051138       7.971999       8.896146       9.655336       11.11261       12.52433       13.24699       14.39972       19.00524       19.58382    
   4.033889      -9.396297      -6.862615      -2.607512      -1.562596       2.209704       3.725092       4.187414       7.825271       8.888419       9.550304       11.14840       12.67638       13.40980       14.65094       18.87141       19.54023    
   4.044447      -9.352070      -6.846719      -2.782315      -1.617761       2.172562       3.903914       4.332982       7.642621       8.903425       9.447866       11.21337       12.82944       13.56452       14.91288       18.72316       19.50173    
   4.055006      -9.304177      -6.831438      -2.954998      -1.673979       2.121592       4.099299       4.487082       7.441129       8.920426       9.348189       11.30973       12.98295       13.71222       15.18223       18.56436       19.46174    
   4.065564      -9.252653      -6.817315      -3.123462      -1.730706       2.062151       4.308179       4.649437       7.231490       8.929778       9.251593       11.43909       13.13663       13.85364       15.45842       18.39917       19.42109    
   4.076122      -9.197575      -6.805124      -3.286665      -1.787488       1.997488       4.526573       4.819999       7.019020       8.926610       9.158954       11.60041       13.29006       13.98913       15.73984       18.23040       19.37524    
   4.086680      -9.139029      -6.795755      -3.443215      -1.843959       1.929880       4.749837       4.996959       6.807199       8.910166       9.068909       11.79018       13.44257       14.11861       16.02314       18.05929       19.35515    
   4.097238      -9.077114      -6.790166      -3.591641      -1.899728       1.861120       4.975953       5.181313       6.599524       8.881874       8.982533       12.00574       13.59436       14.24190       16.30753       17.88875       19.10899    
   4.107796      -9.011964      -6.789437      -3.730448      -1.954476       1.792447       5.198441       5.370796       6.401269       8.843180       8.899796       12.24372       13.74384       14.35851       16.58960       17.72149       18.80967    
   4.118354      -8.943745      -6.794677      -3.858016      -2.007887       1.725022       5.404733       5.566269       6.225911       8.796323       8.821435       12.50133       13.89168       14.46818       16.86180       17.56634       18.50531    
   4.128912      -8.872674      -6.807114      -3.972986      -2.059965       1.658795       5.547915       5.764963       6.118937       8.742907       8.746305       12.77512       14.03475       14.56946       17.08079       17.46350       18.18798    
   4.139471      -8.799068      -6.827619      -4.073763      -2.110075       1.595197       5.536339       5.968786       6.172138       8.673532       8.683894       13.06301       14.17308       14.66189       17.09243       17.56781       17.86717    
   4.150029      -8.723228      -6.856930      -4.159096      -2.158113       1.534367       5.402564       6.175942       6.354667       8.609332       8.623336       13.36308       14.31028       14.74536       16.96272       17.54665       17.81314    
   4.160587      -8.645784      -6.895415      -4.228102      -2.204032       1.476548       5.228848       6.385096       6.581878       8.550835       8.559394       13.67139       14.44221       14.81822       16.80596       17.22317       18.04673    
   4.171145      -8.567505      -6.942702      -4.280274      -2.247574       1.421994       5.044536       6.594518       6.824847       8.493810       8.500957       13.98467       14.56886       14.88190       16.64552       16.90186       18.01475    
   4.181703      -8.489515      -6.997573      -4.315579      -2.288585       1.371126       4.857054       6.802163       7.075440       8.427877       8.462265       14.29407       14.68896       14.94174       16.48357       16.58501       17.82074    
   4.192261      -8.413552      -7.057844      -4.334512      -2.327061       1.324008       4.669929       7.002070       7.329486       8.362041       8.437150       14.57190       14.79878       15.02111       16.26773       16.32084       17.62217    
   4.202819      -8.342239      -7.119991      -4.337888      -2.362804       1.280790       4.487144       7.188835       7.584001       8.298656       8.433018       14.74204       14.89311       15.19288       15.96774       16.15862       17.43496    
   4.213377      -8.279596      -7.178876      -4.326853      -2.395733       1.241707       4.307759       7.352482       7.833692       8.243998       8.459762       14.78274       14.95523       15.47164       15.69738       16.00127       17.26714    
   4.223936      -8.231438      -7.227434      -4.302759      -2.425764       1.206530       4.132252       7.480271       8.027525       8.244968       8.528715       14.75497       14.93456       15.50700       15.72155       15.91271       17.11909    
   4.557477      -8.495005      -6.997138      -4.172055      -2.390102       1.258285       4.183062       6.994740       7.165102       9.093081       9.097197       13.96106       14.30234       14.44445       16.46370       17.17819       17.47607    
   4.569607      -8.466591      -7.019521      -4.155012      -2.420350       1.222135       4.007884       7.119858       7.296322       9.158664       9.166509       13.91169       14.29566       14.55198       16.30313       17.03606       17.50538    
   4.581738      -8.439348      -7.042660      -4.132833      -2.449703       1.187052       3.834192       7.245999       7.428616       9.224868       9.236812       13.86079       14.25002       14.69759       16.14260       16.87785       17.55334    
   4.593868      -8.413183      -7.066594      -4.105648      -2.478139       1.153061       3.662211       7.373088       7.561770       9.291659       9.308064       13.80835       14.19709       14.84898       15.98221       16.71655       17.60775    
   4.605998      -8.388000      -7.091342      -4.073626      -2.505641       1.120155       3.492132       7.501037       7.695520       9.358857       9.380219       13.75436       14.14129       15.00045       15.82200       16.55608       17.66510    
   4.618128      -8.363686      -7.116901      -4.036971      -2.532189       1.088422       3.324154       7.629756       7.829833       9.426718       9.453226       13.69884       14.08387       15.14848       15.66206       16.40141       17.72464    
   4.630259      -8.340141      -7.143248      -3.995921      -2.557767       1.057851       3.158451       7.759140       7.964446       9.495069       9.527033       13.64183       14.02530       15.28722       15.50249       16.25787       17.78559    
   4.642389      -8.317256      -7.170340      -3.950717      -2.582360       1.028537       2.995226       7.889581       8.100674       9.564370       9.601593       13.58361       13.96595       15.34349       15.40370       16.14113       17.84762    
   4.654519      -8.294931      -7.198137      -3.901713      -2.605953       1.000347       2.834632       8.019936       8.235265       9.633655       9.676811       13.52378       13.90593       15.18493       15.46740       16.07655       17.91052    
   4.666649      -8.273060      -7.226556      -3.849209      -2.628530      0.9733868       2.676898       8.150604       8.369711       9.703758       9.753487       13.46312       13.84569       15.02741       15.44544       16.10016       17.97414    
   4.678780      -8.251549      -7.255553      -3.793560      -2.650082      0.9476438       2.522231       8.281344       8.503291       9.773919       9.829805       13.40086       13.78513       14.87032       15.35144       16.19740       18.03831    
   4.690910      -8.230298      -7.285038      -3.735146      -2.670595      0.9231477       2.370877       8.412009       8.635906       9.844519       9.906548       13.33759       13.72463       14.71419       15.22214       16.33207       18.10284    
   4.703040      -8.209263      -7.314924      -3.674371      -2.690057      0.8998628       2.223091       8.542701       8.767470       9.915354       9.984084       13.27403       13.66432       14.55953       15.07740       16.48346       18.16787    
   4.715170      -8.188274      -7.345138      -3.611660      -2.708437      0.8778987       2.079192       8.674518       8.898119       9.987009       10.06204       13.20957       13.60474       14.40605       14.92724       16.64356       18.23276    
   4.727301      -8.167295      -7.375606      -3.547534      -2.725769      0.8571558       1.939483       8.803408       9.025223       10.05884       10.13938       13.14448       13.54589       14.25389       14.77386       16.80784       18.29638    
   4.739431      -8.146204      -7.406237      -3.482400      -2.742022      0.8378248       1.804568       8.931086       9.150149       10.13219       10.21662       13.07959       13.48842       14.10354       14.62088       16.97514       18.36154    
   4.751561      -8.125031      -7.436960      -3.416911      -2.757188      0.8197346       1.674413       9.057090       9.270556       10.20589       10.29357       13.01468       13.43216       13.95531       14.46884       17.14382       18.42494    
   4.763691      -8.103663      -7.467699      -3.351605      -2.771260      0.8029547       1.549711       9.180921       9.386408       10.28054       10.36999       12.95045       13.37771       13.80960       14.31870       17.31300       18.48734    
   4.775822      -8.082055      -7.498370      -3.287086      -2.784364      0.7867227       1.431226       9.301910       9.496803       10.35763       10.44514       12.88667       13.32545       13.66650       14.17135       17.48181       18.54792    
   4.787952      -8.060153      -7.528971      -3.224104      -2.796225      0.7725148       1.319044       9.419429       9.600200       10.43407       10.51961       12.82539       13.27574       13.52721       14.02683       17.64956       18.60674    
   4.800082      -8.037900      -7.559364      -3.163366      -2.806972      0.7597089       1.214069       9.532525       9.696552       10.51155       10.59248       12.76660       13.22918       13.39209       13.88742       17.81537       18.66330    
   4.812212      -8.015267      -7.589526      -3.105662      -2.816601      0.7482448       1.117001       9.640137       9.784473       10.58937       10.66319       12.71118       13.18621       13.26194       13.75354       17.97815       18.71680    
   4.824343      -7.992220      -7.619407      -3.051828      -2.825107      0.7381310       1.028596       9.741014       9.863155       10.66661       10.73100       12.66016       13.13775       13.14740       13.62642       18.13646       18.76639    
   4.836473      -7.968731      -7.648964      -3.002728      -2.832487      0.7293777      0.9496469       9.833710       9.931975       10.74186       10.79497       12.61481       13.02070       13.11339       13.50756       18.28856       18.81129    
   4.848603      -7.944778      -7.678156      -2.959239      -2.838737      0.7220006      0.8809609       9.916594       9.990512       10.81311       10.85387       12.57661       12.91220       13.08491       13.39871       18.43194       18.85030    
   4.860734      -7.920364      -7.706966      -2.922274      -2.843854      0.7159839      0.8224530       9.987893       10.03852       10.87781       10.90616       12.54632       12.81289       13.06280       13.30165       18.56273       18.88060    
   4.872864      -7.895435      -7.735329      -2.892527      -2.847836      0.7114620      0.7765846       10.04583       10.07588       10.93297       10.95000       12.52775       12.72649       13.04831       13.21873       18.67810       18.90338    
   4.884994      -7.870003      -7.763238      -2.870736      -2.850682      0.7085719      0.7429566       10.08867       10.10256       10.97543       10.98336       12.52191       12.65380       13.04288       13.15151       18.77286       18.91478    
   4.897124      -7.844063      -7.790673      -2.857432      -2.852389      0.7078509      0.7215476       10.11501       10.11857       11.00229       11.00434       12.53063       12.59638       13.04840       13.10101       18.84353       18.91145    
   4.909255      -7.817618      -7.817618      -2.852959      -2.852959      0.7109919      0.7109919       10.12390       10.12390       11.01150       11.01150       12.55524       12.55524       13.06708       13.06708       18.88903       18.88906    
